____Assignment A1____
QR-decomposition:
random 5x4 matrix A:
    -0.503     -0.779     -0.066      0.543 
     0.315     -0.134     -0.292      0.888 
    -0.797      0.285     -0.943     -0.504 
     -0.36       0.98      0.364       0.31 
    -0.435      0.231      0.409      0.404 
matrix R:
      1.14      -0.29      0.336      0.106 
         0       1.28       0.29     -0.202 
         0          0       1.04      0.462 
         0          0          0       1.15 
Q^T*Q:
         1   5.55e-17  -1.39e-16   8.33e-17 
  5.55e-17          1   1.39e-17  -3.82e-17 
 -1.39e-16   1.39e-17          1   8.33e-17 
  8.33e-17  -3.82e-17   8.33e-17          1 
Q*R:
    -0.503     -0.779     -0.066      0.543 
     0.315     -0.134     -0.292      0.888 
    -0.797      0.285     -0.943     -0.504 
     -0.36       0.98      0.364       0.31 
    -0.435      0.231      0.409      0.404 
Q*R=A, test passed


____Assignment A2____
Solving system of equations A*x=Q*R*x=b:
random 5x5 matrix A:
     0.542     -0.192     -0.668       0.97     -0.782 
    -0.387      0.604     -0.109      -0.55     -0.978 
     0.531     -0.943     -0.985       0.02     -0.236 
    -0.441      0.406     -0.529      0.463     -0.822 
    -0.835     -0.323      -0.34      0.463      0.792 
matrix Q:
     0.426     0.0537     -0.519       0.58     -0.458 
    -0.304      0.386     -0.388     -0.575     -0.526 
     0.417     -0.633     -0.398     -0.499      0.133 
    -0.347      0.183     -0.646      0.162      0.634 
    -0.657     -0.643     -0.069       0.24     -0.304 
matrix R:
      1.27     -0.588     -0.256      0.125     -0.369 
         0        1.1      0.667     -0.386     -0.931 
         0          0       1.15     -0.629       1.36 
         0          0          0       1.05      0.284 
         0          0          0          0      0.079 
vector b:    -0.413      0.395       0.73     -0.603      0.121 
solution vector x:     -3.45      -7.28        5.4       0.31      -4.31 
A*x:    -0.413      0.395       0.73     -0.603      0.121 
A*x=b, test passed


____Assignment B____
Decomposing A into Q*R:
random 5x5 matrix A:
     0.632      0.982      0.128     -0.176     -0.976 
    -0.891      0.397     -0.102    -0.0552      0.497 
    -0.522       0.18     -0.235      0.101      0.564 
    0.0569     0.0876    -0.0493      0.571      0.727 
    -0.303      0.659      0.336      -0.14     -0.816 
matrix Q:
     0.506      0.784     -0.309     -0.156     0.0954 
    -0.713      0.304     -0.157     -0.103      0.603 
    -0.418      0.137     -0.552   -0.00497     -0.708 
    0.0455       0.07     -0.196      0.968      0.132 
    -0.243      0.518      0.732      0.167     -0.329 
matrix R:
      1.25    -0.0174      0.152     -0.032     -0.853 
         0       1.26      0.208     -0.174     -0.909 
         0          0      0.362     -0.207     -0.828 
         0          0          0      0.562      0.666 
         0          0          0          0      0.172 
Idenity matrix I(5):
         1          0          0          0          0 
         0          1          0          0          0 
         0          0          1          0          0 
         0          0          0          1          0 
         0          0          0          0          1 
Inverse matrix B:
     0.786       1.11      -2.04      0.383      -1.33 
     0.911       1.33     -0.842      0.444     -0.468 
     -0.12        5.1      -8.15       1.68     -0.883 
    -0.934      -4.33       4.86      0.812       2.56 
     0.554        3.5      -4.11      0.769      -1.91 
A*B:
         1          0          0          0          0 
         0          1          0          0          0 
         0          0          1          0          0 
         0          0          0          1          0 
         0          0          0          0          1 
A*B=I, test passed


____Assignment C____
Givens rotation of the same coefficient matrix as in part A(2):
random 5x4 matrix A:
     0.542     -0.192     -0.668       0.97     -0.782 
    -0.387      0.604     -0.109      -0.55     -0.978 
     0.531     -0.943     -0.985       0.02     -0.236 
    -0.441      0.406     -0.529      0.463     -0.822 
    -0.835     -0.323      -0.34      0.463      0.792 
Matrix with R in the upper trinagle and angles of the Givens rotation below, T:
      1.27     -0.588     -0.256      0.125     -0.369 
    -0.619        1.1      0.667     -0.386     -0.931 
     0.673     -0.836       1.15     -0.629       1.36 
    -0.478     -0.161      -2.21       1.05      0.284 
    -0.716      -1.02     -0.176       2.47      0.079 
Same vector b as in A(2):    -0.413      0.395       0.73     -0.603      0.121 
solution vector x:     -3.45      -7.28        5.4       0.31      -4.31 
A*x:    -0.413      0.395       0.73     -0.603      0.121 
A*x=b, test passed


