____Assignment A____
Eigenvalue Decomposition A=V*D*V^T
Random symmetric matrix A:
    -0.503     -0.779     -0.066      0.543      0.315 
    -0.779     -0.134     -0.292      0.888     -0.797 
    -0.066     -0.292      0.285     -0.943     -0.504 
     0.543      0.888     -0.943      -0.36       0.98 
     0.315     -0.797     -0.504       0.98      0.364 
Number of sweeps=6
Matrix with eigenvectors V:
     0.397     -0.696     -0.437     -0.341      0.224 
     0.555      -0.23      0.285      0.747   -0.00332 
   -0.0947     -0.466      0.623     -0.313     -0.537 
    -0.634     -0.433      0.189      0.268      0.551 
     0.352      0.241      0.551     -0.395      0.599 
V^T*A*V (should be diagonal):
     -2.16          0          0          0          0 
         0     -0.574          0          0          0 
         0          0     -0.533          0          0 
         0          0          0       1.08          0 
         0          0          0          0       1.84 
Eigenvalues matrix D:

     -2.16          0          0          0          0 
         0     -0.574          0          0          0 
         0          0     -0.533          0          0 
         0          0          0       1.08          0 
         0          0          0          0       1.84 
D=V^T*A*V, test passed


Quantum particle in a box

See figures A_eig_vec.svg and A_eig_val.svg. We can see that our energy (eigenvalue)
calculation is accurate for the lowest 10-15% of the levels. The eigenfunctions
look as they should from the analytical result - sinusoidal oscillations.



____Assignment B____
Eigenvalue Decomposition A=V*D*V^T
Random symmetric matrix A:
    -0.503     -0.779     -0.066      0.543      0.315     -0.134     -0.292 
    -0.779      0.888     -0.797      0.285     -0.943     -0.504      -0.36 
    -0.066     -0.797       0.98      0.364       0.31     -0.435      0.231 
     0.543      0.285      0.364      0.409      0.404        0.9     -0.813 
     0.315     -0.943       0.31      0.404     -0.678     -0.236      0.596 
    -0.134     -0.504     -0.435        0.9     -0.236     -0.661      0.588 
    -0.292      -0.36      0.231     -0.813      0.596      0.588     -0.386 
Number of sweeps=6
Eigenvalues of cyclic method:
      -2.4  -2.48e-12  -4.66e-11  -5.38e-12   3.67e-10    3.5e-18     -9e-13 
 -2.48e-12      -1.23  -8.77e-14  -3.48e-12   4.59e-12  -1.33e-19  -1.22e-13 
 -4.66e-11  -8.77e-14     -0.684  -8.77e-13   1.26e-11  -3.54e-20   7.81e-14 
 -5.38e-12  -3.48e-12  -8.77e-13     0.0712  -2.91e-12          0  -2.25e-14 
  3.67e-10   4.59e-12   1.26e-11  -2.91e-12      0.741  -1.63e-10   7.67e-17 
   3.5e-18  -1.33e-19  -3.54e-20          0  -1.63e-10       1.25  -4.91e-19 
    -9e-13  -1.22e-13   7.81e-14  -2.25e-14   7.67e-17  -4.91e-19        2.3 
Number of rotations: 126

Eigenvalue of 1-value method (only first row):
      -2.4  -3.79e-09  -6.18e-09   6.62e-09  -1.85e-09   -1.4e-09          0 
 -3.79e-09       1.32      -0.63     -0.151     -0.832    -0.0415     -0.393 
 -6.18e-09      -0.63        1.1      0.125       0.37      -0.29      0.243 
  6.62e-09     -0.151      0.125      0.876      0.258      0.429     -0.679 
 -1.85e-09     -0.832       0.37      0.258     -0.544     0.0536      0.502 
  -1.4e-09    -0.0415      -0.29      0.429     0.0536     -0.109       0.34 
         0     -0.393      0.243     -0.679      0.502       0.34     -0.203 
Number of rotations: 83

Eigenvalues of value-by-value method:
      -2.4  -3.79e-09  -6.18e-09   6.62e-09  -1.85e-09   -1.4e-09          0 
 -3.79e-09      -1.23  -7.51e-09   1.99e-09    6.5e-09  -6.59e-10          0 
 -6.18e-09  -7.51e-09     -0.684  -3.78e-09  -7.21e-09  -2.55e-09          0 
  6.62e-09   1.99e-09  -3.78e-09     0.0712          0  -6.36e-10  -4.85e-10 
 -1.85e-09    6.5e-09  -7.21e-09          0      0.741  -3.38e-09          0 
  -1.4e-09  -6.59e-10  -2.55e-09  -6.36e-10  -3.38e-09       1.25          0 
         0          0          0  -4.85e-10          0          0        2.3 
Number of rotations: 272



See the figures B_rot.svg and B_time.svg for a comparison in
how the different methods perform as a function of dimension.
I have used the System.Diagnostics.Stopwatch to estimate times, since this
proved easier than the POSIX time utility which was a bit tricky with my OS.
From the figures we can see the O(n^3) behavior, which is explicitly
calculated for the times in B_time.svg.


By changing the rotation angle, we can get the highest Eigenvalues first.
Eigenvalues from highest to lowest:
Eigenvalues:       2.3       1.25      0.741     0.0712     -0.684      -1.23       -2.4 
