I*I=(-1,0)
sin(I)=(0,1.1752011936438)
I.pow(I)=(0.207879576350762,0), exp(-PI/2)=0.207879576350762
